run:
Array size = 200

Original:
108 34 97 68 1 1 90 184 115 191 195 87 133 36 188 167 196 78 194 120 13 30 181 83 22 150 154 176 45 83 117 118 81 112 144 58 91 80 120 51 104 93 122 60 6 38 66 144 48 178 99 124 56 4 168 30 137 87 53 36 110 72 11 103 81 115 6 183 44 6 45 31 30 130 22 168 106 191 67 124 138 183 37 1 124 11 123 62 150 145 71 177 179 159 173 110 2 105 17 69 175 87 196 114 168 186 50 128 166 125 84 135 70 144 157 137 195 7 123 189 18 145 115 115 10 164 97 127 53 166 91 120 152 7 121 136 115 34 12 5 197 26 192 14 39 185 103 90 131 4 27 33 169 162 47 14 69 147 50 68 177 189 178 14 195 186 17 3 154 118 23 166 74 36 35 99 26 167 87 174 94 94 23 14 182 41 5 110 18 184 61 3 128 11 72 81 132 36 7 41 

After replacing pivot with median:
108 34 97 68 1 1 90 184 115 191 195 87 133 36 188 167 196 78 194 120 13 30 181 83 22 150 154 176 45 83 117 118 81 112 144 58 91 80 120 51 104 93 122 60 6 38 66 144 48 178 99 124 56 4 168 30 137 87 53 36 110 72 11 103 81 115 6 183 44 6 45 31 30 130 22 168 106 191 67 124 138 183 37 1 124 11 123 62 150 145 71 177 179 159 173 110 2 105 17 41 175 87 196 114 168 186 50 128 166 125 84 135 70 144 157 137 195 7 123 189 18 145 115 115 10 164 97 127 53 166 91 120 152 7 121 136 115 34 12 5 197 26 192 14 39 185 103 90 131 4 27 33 169 162 47 14 69 147 50 68 177 189 178 14 195 186 17 3 154 118 23 166 74 36 35 99 26 167 87 174 94 94 23 14 182 41 5 110 18 184 61 3 128 11 72 81 132 36 7 69 

After Quicksort:
1 1 1 2 3 3 4 4 5 5 6 6 6 7 7 7 10 11 11 11 12 13 14 14 14 14 17 17 18 18 22 22 23 23 26 26 27 30 30 30 31 33 34 34 35 36 36 36 36 37 38 39 41 41 44 45 45 47 48 50 50 51 53 53 56 58 60 61 62 66 67 68 68 69 69 70 71 72 72 74 78 80 81 81 81 83 83 84 87 87 87 87 90 90 91 91 93 94 94 97 97 99 99 103 103 104 105 106 108 110 110 110 112 114 115 115 115 115 115 117 118 118 120 120 120 121 122 123 123 124 124 124 125 127 128 128 130 131 132 133 135 136 137 137 138 144 144 144 145 145 147 150 150 152 154 154 157 159 162 164 166 166 166 167 167 168 168 168 169 173 174 175 176 177 177 178 178 179 181 182 183 183 184 184 185 186 186 188 189 189 191 191 192 194 195 195 195 196 196 197 

Swaps: 1266
Comparisons: 1913
BUILD SUCCESSFUL (total time: 0 seconds)
