run:
Array size = 50

Original:
15 64 27 6 72 97 56 66 19 0 48 61 41 9 60 60 53 42 86 68 91 92 17 49 26 38 61 80 36 97 37 97 77 21 10 63 44 4 33 80 86 13 78 33 45 53 4 47 66 42 

After replacing pivot with median:
15 64 27 6 72 97 56 66 19 0 48 61 41 9 60 60 53 42 86 68 91 92 17 49 42 38 61 80 36 97 37 97 77 21 10 63 44 4 33 80 86 13 78 33 45 53 4 47 66 26 

After Quicksort:
0 4 4 6 9 10 13 15 17 19 21 26 27 33 33 36 37 38 41 42 42 44 45 47 48 49 53 53 56 60 60 61 61 63 64 66 66 68 72 77 78 80 80 86 86 91 92 97 97 97 

Swaps: 223
Comparisons: 312
BUILD SUCCESSFUL (total time: 0 seconds)
