run:
Array size = 100

Original:
12 96 0 79 77 59 72 9 71 57 86 23 42 44 60 66 12 21 42 3 35 49 82 94 96 76 33 28 5 17 34 44 61 20 31 70 65 44 96 36 39 4 52 47 91 33 90 30 41 9 80 82 12 55 51 58 36 55 88 6 48 69 55 8 7 50 85 74 52 80 69 91 57 88 96 60 0 85 3 3 37 7 92 68 89 57 32 53 29 36 50 72 24 54 81 47 34 76 61 71 

After replacing pivot with median:
71 96 0 79 77 59 72 9 71 57 86 23 42 44 60 66 12 21 42 3 35 49 82 94 96 76 33 28 5 17 34 44 61 20 31 70 65 44 96 36 39 4 52 47 91 33 90 30 41 9 80 82 12 55 51 58 36 55 88 6 48 69 55 8 7 50 85 74 52 80 69 91 57 88 96 60 0 85 3 3 37 7 92 68 89 57 32 53 29 36 50 72 24 54 81 47 34 76 61 12 

After Quicksort:
0 0 3 3 3 4 5 6 7 7 8 9 9 12 12 12 17 20 21 23 24 28 29 30 31 32 33 33 34 34 35 36 36 36 37 39 41 42 42 44 44 44 47 47 48 49 50 50 51 52 52 53 54 55 55 55 57 57 57 58 59 60 60 61 61 65 66 68 69 69 70 71 71 72 72 74 76 76 77 79 80 80 81 82 82 85 85 86 88 88 89 90 91 91 92 94 96 96 96 96 

Swaps: 509
Comparisons: 775
BUILD SUCCESSFUL (total time: 0 seconds)
