run:
Array size = 100

Original:
31 31 12 89 56 67 60 72 77 8 17 48 42 93 79 84 93 42 8 65 71 44 84 65 69 79 51 11 8 42 40 89 60 11 21 10 65 72 44 54 29 82 89 55 81 32 42 33 27 12 6 70 69 18 11 41 56 70 45 94 41 97 3 59 28 68 92 61 15 29 71 49 38 30 90 14 77 24 6 61 55 29 44 41 82 90 75 81 60 73 45 51 33 11 40 78 4 97 86 44 

After replacing pivot with median:
31 31 12 89 56 67 60 72 77 8 17 48 42 93 79 84 93 42 8 65 71 44 84 65 69 79 51 11 8 42 40 89 60 11 21 10 65 72 44 54 29 82 89 55 81 32 42 33 27 12 6 70 69 18 11 41 56 70 45 94 41 97 3 59 28 68 92 61 15 29 71 49 38 30 90 14 77 24 6 61 55 29 44 41 82 90 75 81 60 73 45 51 33 11 40 78 4 97 86 44 

After Quicksort:
3 4 6 6 8 8 8 10 11 11 11 11 12 12 14 15 17 18 21 24 27 28 29 29 29 30 31 31 32 33 33 38 40 40 41 41 41 42 42 42 42 44 44 44 44 45 45 48 49 51 51 54 55 55 56 56 59 60 60 60 61 61 65 65 65 67 68 69 69 70 70 71 71 72 72 73 75 77 77 78 79 79 81 81 82 82 84 84 86 89 89 89 90 90 92 93 93 94 97 97 

Swaps: 129
Comparisons: 391
BUILD SUCCESSFUL (total time: 0 seconds)
