run:
Array size = 200

Original:
6 31 14 99 48 74 33 182 185 163 153 5 90 79 82 9 30 27 170 142 36 45 2 186 174 184 103 49 134 133 144 181 164 20 86 106 78 186 59 152 69 108 136 41 119 186 136 187 7 175 42 88 85 133 199 112 99 37 25 0 21 4 155 36 12 121 51 136 63 154 88 172 6 183 154 149 21 190 117 112 186 5 153 66 43 119 106 4 23 77 94 90 175 94 16 153 176 193 97 160 80 95 189 160 26 78 145 149 160 55 191 87 28 81 27 2 179 47 142 32 126 164 60 145 158 127 180 65 4 169 83 136 115 83 14 46 19 189 146 157 98 185 97 177 128 70 108 50 167 145 79 122 77 5 110 26 16 123 186 103 61 77 95 122 29 124 45 5 93 129 73 64 8 136 88 132 115 113 64 143 45 49 186 6 144 117 103 105 56 182 174 55 15 32 136 178 11 92 40 126 

After replacing pivot with median:
126 31 14 99 48 74 33 182 185 163 153 5 90 79 82 9 30 27 170 142 36 45 2 186 174 184 103 49 134 133 144 181 164 20 86 106 78 186 59 152 69 108 136 41 119 186 136 187 7 175 42 88 85 133 199 112 99 37 25 0 21 4 155 36 12 121 51 136 63 154 88 172 6 183 154 149 21 190 117 112 186 5 153 66 43 119 106 4 23 77 94 90 175 94 16 153 176 193 97 160 80 95 189 160 26 78 145 149 160 55 191 87 28 81 27 2 179 47 142 32 126 164 60 145 158 127 180 65 4 169 83 136 115 83 14 46 19 189 146 157 98 185 97 177 128 70 108 50 167 145 79 122 77 5 110 26 16 123 186 103 61 77 95 122 29 124 45 5 93 129 73 64 8 136 88 132 115 113 64 143 45 49 186 6 144 117 103 105 56 182 174 55 15 32 136 178 11 92 40 6 

After Quicksort:
0 2 2 4 4 4 5 5 5 5 6 6 6 7 8 9 11 12 14 14 15 16 16 19 20 21 21 23 25 26 26 27 27 28 29 30 31 32 32 33 36 36 37 40 41 42 43 45 45 45 46 47 48 49 49 50 51 55 55 56 59 60 61 63 64 64 65 66 69 70 73 74 77 77 77 78 78 79 79 80 81 82 83 83 85 86 87 88 88 88 90 90 92 93 94 94 95 95 97 97 98 99 99 103 103 103 105 106 106 108 108 110 112 112 113 115 115 117 117 119 119 121 122 122 123 124 126 126 127 128 129 132 133 133 134 136 136 136 136 136 136 142 142 143 144 144 145 145 145 146 149 149 152 153 153 153 154 154 155 157 158 160 160 160 163 164 164 167 169 170 172 174 174 175 175 176 177 178 179 180 181 182 182 183 184 185 185 186 186 186 186 186 186 187 189 189 190 191 193 199 

Swaps: 302
Comparisons: 867
BUILD SUCCESSFUL (total time: 0 seconds)
