run:
Array size = 50

Original:
23 42 57 42 23 60 10 86 69 85 88 54 32 38 98 74 10 95 85 78 41 91 35 51 84 14 32 16 25 90 83 41 74 89 96 43 6 95 35 48 47 31 60 66 10 27 0 23 47 58 

After replacing pivot with median:
58 42 57 42 23 60 10 86 69 85 88 54 32 38 98 74 10 95 85 78 41 91 35 51 84 14 32 16 25 90 83 41 74 89 96 43 6 95 35 48 47 31 60 66 10 27 0 23 47 23 

After Quicksort:
0 6 10 10 10 14 16 23 23 23 25 27 31 32 32 35 35 38 41 41 42 42 43 47 47 48 51 54 57 58 60 60 66 69 74 74 78 83 84 85 85 86 88 89 90 91 95 95 96 98 

Swaps: 65
Comparisons: 178
BUILD SUCCESSFUL (total time: 0 seconds)
