run:
Array size = 200

Original:
64 55 49 89 46 39 81 31 33 17 44 6 14 82 76 75 85 35 61 86 8 16 34 59 63 95 44 33 37 89 51 24 30 61 33 73 97 94 95 94 13 98 88 52 81 25 40 6 60 32 80 84 95 36 28 16 58 35 97 29 31 10 81 17 15 10 4 14 69 44 94 61 21 67 35 20 50 24 10 71 1 94 27 56 78 34 47 99 45 50 99 13 57 61 14 19 24 98 52 43 60 46 36 46 42 5 40 53 82 53 52 2 91 22 57 11 65 5 57 18 25 36 65 16 24 96 91 12 16 73 57 97 81 48 46 12 60 95 16 39 74 94 80 74 67 46 3 13 4 6 13 76 80 11 24 83 17 33 78 41 92 64 96 7 59 9 29 55 77 89 27 60 68 32 33 81 72 60 16 45 23 9 60 1 53 33 96 97 62 97 9 75 99 6 81 98 88 18 68 87 

After Quicksort:
1 1 2 3 4 4 5 5 6 6 6 6 7 8 9 9 9 10 10 10 11 11 12 12 13 13 13 13 14 14 14 15 16 16 16 16 16 16 17 17 17 18 18 19 20 21 22 23 24 24 24 24 24 25 25 27 27 28 29 29 30 31 31 32 32 33 33 33 33 33 33 34 34 35 35 35 36 36 36 37 39 39 40 40 41 42 43 44 44 44 45 45 46 46 46 46 46 47 48 49 50 50 51 52 52 52 53 53 53 55 55 56 57 57 57 57 58 59 59 60 60 60 60 60 60 61 61 61 61 62 63 64 64 65 65 67 67 68 68 69 71 72 73 73 74 74 75 75 76 76 77 78 78 80 80 80 81 81 81 81 81 81 82 82 83 84 85 86 87 88 88 89 89 89 91 91 92 94 94 94 94 94 95 95 95 95 96 96 96 97 97 97 97 97 98 98 98 99 99 99 

Swaps: 1112
Comparisons: 1525
BUILD SUCCESSFUL (total time: 0 seconds)
