run:
Array size = 100

Original:
4 42 95 61 43 45 85 34 24 21 55 94 45 42 12 51 23 31 1 8 61 12 70 91 65 61 32 57 61 73 2 82 19 5 63 97 61 26 29 36 99 3 13 32 91 47 29 92 7 95 59 21 31 91 95 9 98 7 32 95 15 10 77 49 53 75 4 85 44 81 41 51 59 9 12 39 30 6 28 96 16 93 79 36 31 38 67 39 49 99 55 47 75 4 56 70 82 17 36 92 

After Quicksort:
1 2 3 4 4 4 5 6 7 7 8 9 9 10 12 12 12 13 15 16 17 19 21 21 23 24 26 28 29 29 30 31 31 31 32 32 32 34 36 36 36 38 39 39 41 42 42 43 44 45 45 47 47 49 49 51 51 53 55 55 56 57 59 59 61 61 61 61 61 63 65 67 70 70 73 75 75 77 79 81 82 82 85 85 91 91 91 92 92 93 94 95 95 95 95 96 97 98 99 99 

Swaps: 431
Comparisons: 611
BUILD SUCCESSFUL (total time: 0 seconds)
