run:
Array size = 50

Original:
8444 4627 5558 1869 9830 8845 7467 9121 3171 6696 5026 5143 3599 4750 2217 4814 3538 3592 9223 2442 7967 3339 7148 6853 8646 7903 308 2803 4073 2008 3669 560 1932 5075 2679 1304 5877 7871 4563 9122 9539 3157 2436 202 2267 6261 2971 3162 7646 830 

After Quicksort:
202 308 560 830 1304 1869 1932 2008 2217 2267 2436 2442 2679 2803 2971 3157 3162 3171 3339 3538 3592 3599 3669 4073 4563 4627 4750 4814 5026 5075 5143 5558 5877 6261 6696 6853 7148 7467 7646 7871 7903 7967 8444 8646 8845 9121 9122 9223 9539 9830 

Swaps: 189
Comparisons: 329
BUILD SUCCESSFUL (total time: 0 seconds)
